Migration Matrix:
NEXT_DPD_GROUP    0 days    1 - 30  121 - 150  151 - 180      180+   31 - 60   61 - 90  91 - 120
DPD_GROUP                                                                                       
0 days          0.962749  0.022370   0.000000   0.000000  0.000000  0.008152  0.006730  0.000000
1 - 30          0.481905  0.390476   0.000000   0.000000  0.000000  0.062857  0.034286  0.030476
121 - 150       0.066667  0.000000   0.066667   0.066667  0.800000  0.000000  0.000000  0.000000
151 - 180       0.250000  0.000000   0.000000   0.250000  0.500000  0.000000  0.000000  0.000000
180+            0.045977  0.000000   0.011494   0.000000  0.942529  0.000000  0.000000  0.000000
31 - 60         0.236364  0.200000   0.218182   0.000000  0.000000  0.236364  0.090909  0.018182
61 - 90         0.111111  0.111111   0.111111   0.500000  0.055556  0.000000  0.111111  0.000000
91 - 120        0.083333  0.000000   0.000000   0.083333  0.750000  0.000000  0.083333  0.000000

PD (12-month): 3.0481
PD (Lifetime): 37.0362
ECL: 141307731425.14
COR: 16.6663
